A,1
23,0,0,0
6,0,0,255
4,0,0,0
A,2
23,18,0,0
6,18,0,255
4,18,0,0
A,3
23,36,0,0
6,36,0,255
4,36,0,0
A,4
23,54,0,0
6,54,0,255
4,54,0,0
A,5
23,73,0,0
6,73,0,255
4,73,0,0
A,6
23,91,0,0
6,91,0,255
4,91,0,0
A,7
23,109,0,0
6,109,0,255
4,109,0,0
A,8
23,128,0,0
6,128,0,255
4,128,0,0
A,9
23,146,0,0
6,146,0,255
4,146,0,0
A,10
23,165,0,0
6,165,0,255
4,165,0,0
A,11
23,183,0,0
6,183,0,255
4,183,0,0
A,12
23,201,0,0
6,201,0,255
4,201,0,0
A,13
23,219,0,0
6,219,0,255
4,219,0,0
A,14
23,237,0,0
6,237,0,255
4,237,0,0
A,15
23,255,0,0
6,255,0,255
4,255,0,0
A,16
23,0,0,0
30,0,0,255
4,0,0,0
A,17
23,18,0,0
30,18,0,255
4,18,0,0
A,18
23,36,0,0
30,36,0,255
4,36,0,0
A,19
23,54,0,0
30,54,0,255
4,54,0,0
A,20
23,73,0,0
30,73,0,255
4,73,0,0
A,21
23,91,0,0
30,91,0,255
4,91,0,0
A,22
23,109,0,0
30,109,0,255
4,109,0,0
A,23
23,128,0,0
30,128,0,255
4,128,0,0
A,24
23,146,0,0
30,146,0,255
4,146,0,0
A,25
23,165,0,0
30,165,0,255
4,165,0,0
A,26
23,183,0,0
30,183,0,255
4,183,0,0
A,27
23,201,0,0
30,201,0,255
4,201,0,0
A,28
23,219,0,0
30,219,0,255
4,219,0,0
A,29
23,237,0,0
30,237,0,255
4,237,0,0
A,30
23,255,0,0
30,255,0,255
4,255,0,0
A,31
23,0,0,0
4,0,0,255
2,0,0,0
11,18,0,0
4,18,0,255
2,18,0,0
11,36,0,0
4,36,0,255
2,36,0,0
11,54,0,0
4,54,0,255
2,54,0,0
11,73,0,0
4,73,0,255
2,73,0,0
11,91,0,0
4,91,0,255
2,91,0,0
11,109,0,0
4,109,0,255
2,109,0,0
11,128,0,0
4,128,0,255
2,128,0,0
11,146,0,0
4,146,0,255
2,146,0,0
11,165,0,0
4,165,0,255
2,165,0,0
11,183,0,0
4,183,0,255
2,183,0,0
11,201,0,0
4,201,0,255
2,201,0,0
11,219,0,0
4,219,0,255
2,219,0,0
11,237,0,0
4,237,0,255
2,237,0,0
11,255,0,0
4,255,0,255
11,255,0,0
A,32
23,255,0,0
4,255,0,255
2,255,0,0
11,237,0,0
4,237,0,255
2,237,0,0
11,219,0,0
4,219,0,255
2,219,0,0
11,201,0,0
4,201,0,255
2,201,0,0
11,183,0,0
4,183,0,255
2,183,0,0
11,165,0,0
4,165,0,255
2,165,0,0
11,146,0,0
4,146,0,255
2,146,0,0
11,128,0,0
4,128,0,255
2,128,0,0
11,109,0,0
4,109,0,255
2,109,0,0
11,91,0,0
4,91,0,255
2,91,0,0
11,73,0,0
4,73,0,255
2,73,0,0
11,54,0,0
4,54,0,255
2,54,0,0
11,36,0,0
4,36,0,255
2,36,0,0
11,18,0,0
4,18,0,255
2,18,0,0
11,0,0,0
4,0,0,255
10,0,0,0
A,33
23,73,0,0
6,73,0,255
2,73,0,0
12,128,0,0
6,128,0,255
2,128,0,0
12,183,0,0
6,183,0,255
2,183,0,0
A,34
23,183,0,0
6,183,0,255
2,183,0,0
12,128,0,0
6,128,0,255
2,128,0,0
12,73,0,0
6,73,0,255
2,73,0,0
A,35
23,91,0,0
6,91,0,255
2,91,0,0
13,165,0,0
6,165,0,255
2,165,0,0
A,36
23,165,0,0
6,165,0,255
2,165,0,0
13,91,0,0
6,91,0,255
2,91,0,0
A,37
23,54,0,0
6,54,0,255
2,54,0,0
12,91,0,0
6,91,0,255
2,91,0,0
12,128,0,0
6,128,0,255
2,128,0,0
12,165,0,0
6,165,0,255
2,165,0,0
12,201,0,0
6,201,0,255
2,201,0,0
A,38
23,201,0,0
6,201,0,255
2,201,0,0
12,165,0,0
6,165,0,255
2,165,0,0
12,128,0,0
6,128,0,255
2,128,0,0
12,91,0,0
6,91,0,255
2,91,0,0
12,54,0,0
6,54,0,255
2,54,0,0
A,39
23,128,0,0
6,128,0,255
2,128,0,0
12,91,0,0
6,91,0,255
2,91,0,0
13,165,0,0
6,165,0,255
2,165,0,0
15,54,0,0
6,54,0,255
2,54,0,0
1,201,0,0
6,201,0,255
30,201,0,0
A,40
23,128,0,0
6,128,0,255
2,128,0,0
12,165,0,0
6,165,0,255
2,165,0,0
13,91,0,0
6,91,0,255
2,91,0,0
15,201,0,0
6,201,0,255
2,201,0,0
30,54,0,0
6,54,0,255
2,54,0,0
A,41
23,0,0,0
30,0,0,255
4,0,0,0
11,18,0,0
30,18,0,255
4,18,0,0
11,36,0,0
30,36,0,255
4,36,0,0
11,54,0,0
30,54,0,255
4,54,0,0
11,73,0,0
30,73,0,255
4,73,0,0
11,91,0,0
30,91,0,255
4,91,0,0
11,109,0,0
30,109,0,255
4,109,0,0
11,128,0,0
30,128,0,255
4,128,0,0
11,146,0,0
30,146,0,255
4,146,0,0
11,165,0,0
30,165,0,255
4,165,0,0
11,183,0,0
30,183,0,255
4,183,0,0
11,201,0,0
30,201,0,255
4,201,0,0
11,219,0,0
30,219,0,255
4,219,0,0
11,237,0,0
30,237,0,255
4,237,0,0
11,255,0,0
30,255,0,255
10,255,0,0
A,42
23,255,0,0
30,255,0,255
4,255,0,0
11,237,0,0
30,237,0,255
4,237,0,0
11,219,0,0
30,219,0,255
4,219,0,0
11,201,0,0
30,201,0,255
4,201,0,0
11,183,0,0
30,183,0,255
4,183,0,0
11,165,0,0
30,165,0,255
4,165,0,0
11,146,0,0
30,146,0,255
4,146,0,0
11,128,0,0
30,128,0,255
4,128,0,0
11,109,0,0
30,109,0,255
4,109,0,0
11,91,0,0
30,91,0,255
4,91,0,0
11,73,0,0
30,73,0,255
4,73,0,0
11,54,0,0
30,54,0,255
4,54,0,0
11,36,0,0
30,36,0,255
4,36,0,0
11,18,0,0
30,18,0,255
10,18,0,0
A,43
23,73,0,0
30,73,0,255
4,73,0,0
12,128,0,0
30,128,0,255
4,128,0,0
12,183,0,0
30,183,0,255
4,183,0,0
A,44
23,183,0,0
30,183,0,255
4,183,0,0
12,128,0,0
30,128,0,255
4,128,0,0
12,73,0,0
30,73,0,255
4,73,0,0
A,45
23,91,0,0
30,91,0,255
4,91,0,0
13,165,0,0
30,165,0,255
4,165,0,0
A,46
23,165,0,0
30,165,0,255
4,165,0,0
13,91,0,0
30,91,0,255
4,91,0,0
A,47
23,54,0,0
30,54,0,255
4,54,0,0
12,91,0,0
30,91,0,255
4,91,0,0
12,128,0,0
30,128,0,255
4,128,0,0
12,165,0,0
30,165,0,255
4,165,0,0
12,201,0,0
30,201,0,255
4,201,0,0
A,48
23,201,0,0
30,201,0,255
4,201,0,0
12,165,0,0
30,165,0,255
4,165,0,0
12,128,0,0
30,128,0,255
4,128,0,0
12,91,0,0
30,91,0,255
4,91,0,0
12,54,0,0
30,54,0,255
4,54,0,0
A,49
23,128,0,0
30,128,0,255
4,128,0,0
12,91,0,0
30,91,0,255
4,91,0,0
13,165,0,0
30,165,0,255
4,165,0,0
15,54,0,0
30,54,0,255
4,54,0,0
30,201,0,0
30,201,0,255
4,201,0,0
A,50
23,128,0,0
30,128,0,255
4,128,0,0
12,165,0,0
30,165,0,255
4,165,0,0
13,91,0,0
30,91,0,255
4,91,0,0
15,201,0,0
30,201,0,255
4,201,0,0
30,54,0,0
30,54,0,255
4,54,0,0
A,51
129,73,0,0
150,183,20,255
138,183,0,0
A,52
129,183,0,0
150,73,20,255
138,73,0,0
A,53
129,0,0,0
150,255,19,255
138,255,0,0
A,54
129,255,0,0
150,0,19,255
138,0,0,0
A,55
129,128,0,0
150,0,19,255
138,0,0,0
A,56
129,128,0,0
150,255,19,255
138,255,0,0
A,57
129,0,0,0
150,128,19,255
138,128,0,0
A,58
129,255,0,0
150,128,19,255
138,128,0,0
A,59
129,128,0,0
150,183,19,255
138,183,0,0
A,60
129,128,0,0
150,73,19,255
138,73,0,0
A,61
129,73,0,0
150,128,19,255
138,128,0,0
A,62
129,183,0,0
150,128,19,255
138,128,0,0